-226.92062377929688
192.92303466796875
391.5411682128906
-230.37020874023438
382.48828125
-146.20797729492188
217.4654083251953
166.07249450683594
121.2175064086914
-43.34709930419922
421.4374084472656
-328.8891296386719
-23.43488121032715
-42.986576080322266
-203.97454833984375
-389.894775390625
76.59066772460938
351.7471923828125
-97.20819854736328
221.2537078857422
161.23216247558594
209.794677734375
-225.50770568847656
-100.63563537597656
390.3409423828125
-50.373634338378906
77.34443664550781
206.84739685058594
18.96916961669922
90.41856384277344
277.9503173828125
173.18043518066406
276.89141845703125
-108.17453002929688
-348.5490417480469
329.5792236328125
84.03609466552734
-213.47877502441406
68.44865417480469
-389.1197814941406
307.54583740234375
-92.67761993408203
-187.2482452392578
110.41545867919922
-342.9947204589844
415.426025390625
277.50592041015625
-191.4864044189453
284.8464660644531
-244.40892028808594
