0.321103602648
-0.095572963357
0.292624950409
0.196914151311
0.452969312668
-0.209112107754
0.159586623311
-0.0822072401643
-0.198811769485
0.161000832915
-0.219081237912
0.0230650603771
-0.115671627223
0.139484867454
0.18267197907
0.0190015435219
0.0940062254667
-0.117339968681
0.180636748672
0.0288349799812
-0.315740197897
0.334679454565
-0.0327748842537
0.05242857337
0.0577590689063
0.1350517869
0.0622236989439
-0.245669186115
-0.0953518077731
0.0389370620251
0.0244686715305
-0.391035526991
0.139899343252
-0.000539837637916
-0.122229188681
0.205919459462
-0.231888219714
-0.0276125371456
-0.184660375118
0.25939810276
-0.277097135782
0.142938315868
0.352477997541
0.428448021412
0.0629200190306
0.252841949463
-0.0320312194526
0.142599090934
-0.144964516163
-0.322100222111
