-75.01724243164062
130.30136108398438
32.650421142578125
-22.978242874145508
59.2589111328125
-151.6475372314453
-56.096519470214844
-152.42556762695312
-103.99095916748047
-33.70441818237305
-181.81533813476562
61.14290237426758
116.08519744873047
-78.9589614868164
167.57659912109375
163.27352905273438
-102.90257263183594
-117.39888000488281
-117.5676040649414
191.64051818847656
251.25111389160156
-272.62493896484375
121.10303497314453
100.00696563720703
117.75224304199219
36.038543701171875
188.82406616210938
168.00975036621094
143.73529052734375
324.4926452636719
163.78265380859375
99.24530792236328
-45.708961486816406
-51.35186767578125
-54.923065185546875
-4.107425689697266
250.17930603027344
42.575767517089844
-78.9074478149414
-120.57373809814453
-104.18869018554688
49.360111236572266
37.58546447753906
-166.62474060058594
45.169986724853516
561.5164184570312
-92.4392318725586
-56.821937561035156
-577.5681762695312
123.30388641357422
